0 437
0 1664
0 1696
0 1804
1 606
1 699
1 854
1 1149
1 1783
1 1818
2 503
2 542
2 690
3 1008
4 102
5 301
5 939
5 1138
5 1611
6 19
6 1829
7 891
7 896
8 646
8 1061
9 137
9 1062
9 1661
10 239
10 1692
11 959
12 396
12 1468
13 108
13 527
13 767
13 1136
13 1189
14 707
14 1061
14 1672
15 744
15 1698
16 779
16 902
17 797
18 260
18 566
18 1651
18 1656
19 125
19 977
20 126
21 95
21 671
21 1141
21 1228
21 1510
22 1031
22 1588
23 143
23 266
23 335
24 89
24 626
24 766
24 1721
25 969
26 40
26 468
26 930
27 973
28 153
28 253
29 642
30 623
31 974
32 352
33 110
33 569
33 1396
34 54
34 1441
34 1503
35 307
35 785
35 927
35 1084
35 1827
36 253
37 979
38 982
39 1691
39 1747
41 1658
42 990
43 355
43 736
43 926
43 1416
44 202
44 241
44 1081
44 1169
45 352
45 533
45 1351
46 214
46 980
46 1246
47 971
47 1415
47 1562
47 1569
48 992
49 356
49 1538
50 981
50 997
50 1389
50 1594
51 712
52 922
53 1264
54 1381
54 1573
55 709
55 903
56 996
57 798
57 944
58 496
59 183
59 757
59 1262
59 1667
60 503
61 1259
61 1511
62 649
62 1219
63 1004
64 546
64 609
64 1824
65 1009
66 534
66 652
66 965
66 1685
67 873
67 955
68 488
68 1595
69 566
69 1183
70 821
70 1126
71 1595
71 1831
72 1029
73 1036
74 1042
75 1053
76 246
76 470
76 1697
77 984
77 1500
78 1593
79 644
80 319
80 1078
80 1695
81 373
81 836
81 1065
81 1327
82 993
82 1770
82 1805
83 144
84 173
84 640
85 503
86 95
86 849
86 1766
87 1058
88 312
88 1096
88 1372
89 314
90 175
90 1198
91 260
91 1727
91 1854
92 1180
93 1601
94 316
94 1406
94 1725
95 588
95 1237
95 1306
95 1319
95 1811
96 1688
97 224
97 251
97 542
97 1357
97 1460
98 1470
99 109
99 1730
100 895
101 664
101 913
102 217
102 1458
103 244
103 419
104 748
104 1111
104 1880
105 1275
105 1413
105 1824
106 266
106 476
106 518
106 601
107 1073
108 753
108 1264
108 1317
110 870
111 1524
112 448
112 918
113 517
113 740
113 1598
114 205
115 1520
116 314
116 398
116 613
116 1178
116 1353
117 328
117 685
118 1635
119 410
119 1166
119 1547
120 1422
121 1075
122 144
123 774
124 183
124 1312
125 1306
126 296
126 756
127 140
127 701
128 1083
129 1088
130 674
130 1659
130 1799
131 334
131 767
131 1337
131 1467
131 1518
132 1092
133 223
133 833
134 204
134 1766
135 415
135 601
136 1094
137 151
137 1211
137 1444
138 1529
138 1676
139 274
139 1807
141 242
141 798
141 1087
141 1436
142 643
142 1439
142 1830
143 580
145 443
145 832
146 572
146 848
146 947
147 1125
148 488
149 260
149 264
150 573
152 930
152 1096
153 372
153 482
153 733
153 837
153 857
153 1099
153 1585
153 471
153 673
153 1419
153 1524
153 1812
154 955
154 1060
154 1646
155 1108
156 220
156 980
156 1526
157 1244
158 481
158 789
159 280
159 1432
160 1711
161 337
161 822
161 843
161 1294
162 1110
163 938
164 1067
165 697
166 1112
167 1130
168 1137
169 647
169 795
170 1222
170 1339
171 677
172 256
172 552
172 1022
172 1148
173 218
173 1046
174 448
174 1606
175 1471
175 1648
176 1145
177 192
178 535
178 815
179 1283
180 1153
181 1156
182 1407
183 564
183 1804
184 1880
185 1355
185 1580
186 848
186 1859
187 1063
187 1362
188 1158
189 401
190 1167
191 611
191 1046
192 569
192 783
192 1165
193 1174
194 1703
195 220
195 433
195 1261
196 1713
197 1179
198 1240
199 358
199 399
199 402
199 942
199 945
199 1327
200 991
201 1195
202 310
202 543
202 545
203 283
204 508
204 1217
205 606
205 1059
206 327
207 1222
208 302
209 1196
210 1334
211 1269
212 1331
213 1683
214 422
214 468
214 747
214 1537
215 658
215 1157
215 1373
216 544
217 285
218 1266
219 1043
220 1369
220 1411
221 606
221 1296
221 1511
222 1204
224 653
224 1201
225 1505
226 1221
227 675
227 1203
228 662
229 402
229 616
229 759
229 1016
230 288
230 831
230 1840
231 339
231 1515
231 1706
232 964
232 1374
233 1661
233 1811
234 341
234 1791
235 466
235 1366
236 843
236 1006
237 1205
238 458
238 966
238 1631
239 1779
240 1210
241 1431
241 1583
242 1251
243 1218
244 1357
245 1135
246 421
246 1825
247 334
247 401
247 457
248 402
248 1427
249 400
249 873
250 1224
251 496
251 580
251 624
251 1566
252 304
252 1192
254 1232
254 1669
255 1541
256 1362
257 1226
258 327
258 1135
258 1164
258 1331
258 1388
259 1722
260 337
261 1214
262 1229
263 1188
264 491
264 1534
265 892
266 517
266 631
266 1655
267 1382
268 682
268 842
268 1264
269 1230
270 1056
270 1803
271 1233
272 301
272 1741
273 485
273 633
273 1335
274 1521
275 502
275 765
275 814
275 1007
275 1543
276 305
277 1238
278 1059
278 1206
278 1221
278 1653
279 1385
279 1574
279 1659
280 521
280 1605
281 1248
282 1028
282 1118
283 434
284 1150
284 1743
286 1207
287 1260
287 1415
287 1533
288 1076
289 1001
289 1501
289 1844
290 821
290 1753
291 333
291 1583
291 1734
292 487
292 1307
292 1684
292 1698
293 446
293 489
294 1351
294 1815
295 981
295 1595
296 1344
297 407
297 1102
298 335
298 431
298 617
298 1119
298 1393
298 1458
299 1129
300 786
300 1270
302 686
302 1317
303 1252
304 565
304 1182
305 956
305 1693
306 1268
307 762
308 391
309 758
309 1563
310 1465
311 390
311 1199
311 1564
312 902
312 910
312 1151
312 1778
313 605
313 734
313 886
313 1008
313 1698
315 1038
315 1040
315 1191
315 1564
317 1272
318 1276
320 1649
321 1279
322 1288
323 439
324 1214
325 1679
326 1298
327 623
327 1836
328 808
328 1081
329 1653
330 889
330 945
330 1052
330 1399
330 1461
331 1072
332 1301
333 1017
333 1183
336 684
337 606
338 345
338 1578
340 1162
340 1494
340 1853
342 1302
343 1304
344 567
344 1460
344 1608
346 1310
347 1313
348 1369
349 417
349 980
349 1619
350 723
351 631
351 1405
353 1308
353 1680
354 1192
355 1426
355 1770
357 995
357 1625
358 867
358 1512
359 793
359 997
359 1441
360 1348
361 987
362 748
363 1023
363 1672
364 703
364 1093
365 1584
366 1321
367 1080
367 1695
368 396
369 1326
370 1336
371 634
371 762
371 1147
371 1185
372 857
372 1099
372 1585
372 471
372 673
372 1419
372 1524
372 1812
373 1028
373 1466
374 662
375 1347
376 1350
377 1514
378 1532
378 1854
379 1349
380 1363
381 1704
382 1367
383 1368
384 1370
385 654
386 922
387 704
387 1209
387 1311
388 776
389 633
390 401
390 622
391 975
392 949
392 1069
392 1307
392 1312
393 431
393 1188
393 1319
394 1290
395 735
397 1531
399 453
400 1219
401 1055
403 1457
404 553
404 1682
405 1369
405 1506
406 1376
407 643
407 970
407 995
408 1379
409 897
409 1236
411 1386
412 417
413 633
413 908
414 529
415 1074
415 1718
416 1070
416 1782
417 517
417 1788
418 1390
419 1054
419 1817
420 1239
420 1324
420 1414
420 1792
423 1391
424 1802
425 431
426 1719
427 1404
428 705
429 846
429 1309
429 1438
430 852
430 1050
430 1717
431 726
431 826
432 687
432 1312
433 1031
433 1091
433 1246
434 460
435 734
435 836
436 1409
437 591
437 919
438 1581
439 995
439 1834
440 1545
441 1189
441 1384
441 1502
442 1586
443 453
443 874
443 1841
444 1410
445 966
445 1049
445 1858
446 727
446 1850
447 1015
447 1068
447 1604
448 478
448 954
448 978
449 1453
450 621
450 1625
451 1465
452 1688
452 1810
453 664
453 1551
453 1869
454 630
455 804
455 1123
455 1513
456 1005
456 1447
457 1163
457 1480
458 769
458 1008
458 1509
459 831
459 1311
459 1713
460 1589
461 1577
462 1184
463 1578
464 467
464 1437
465 863
465 1528
466 1645
467 1867
468 1791
469 615
469 1115
469 1532
469 1829
470 804
470 1152
471 673
471 1419
471 1524
471 1812
471 857
471 1099
471 1585
472 1769
473 1420
474 514
475 1425
476 537
476 1488
477 546
478 1013
479 1719
480 1784
481 1114
481 1611
482 1396
483 668
484 1846
485 915
485 1010
486 1138
486 1472
486 1527
486 1729
487 752
489 1862
490 1430
491 920
492 854
492 1846
493 700
493 1387
493 1816
494 1435
495 569
496 649
497 1442
498 766
499 845
499 1267
500 521
500 1003
500 1357
501 1449
502 1490
504 1807
505 1104
505 1214
506 794
506 1095
507 612
507 1026
507 1416
508 717
508 1743
509 1133
509 1270
509 1729
510 814
511 528
512 702
512 1155
513 1122
513 1479
515 1355
515 1429
516 1532
516 1663
519 949
519 1481
519 1769
520 1476
521 1513
522 895
523 987
523 1297
524 536
524 688
524 819
525 603
526 1459
528 1793
530 903
531 1487
532 799
532 1416
533 962
534 584
535 1033
535 1452
536 623
536 1752
538 1491
539 1497
540 555
541 681
541 1657
542 769
546 653
546 714
546 1441
547 1734
548 1499
549 677
550 822
550 1644
551 816
551 1057
552 697
552 1085
552 1219
552 1802
554 1635
555 1259
556 598
556 660
557 1508
558 842
558 1022
558 1049
559 870
559 1117
559 1462
560 1522
561 1535
562 879
563 753
563 1235
564 1144
564 1446
564 1546
564 1807
565 724
565 1632
566 784
566 1212
566 1821
567 615
567 1758
568 792
569 1570
569 1638
570 1536
571 970
572 1597
573 594
573 1134
573 1144
574 776
575 1558
576 1312
577 1848
578 805
578 1485
578 1739
579 986
579 1658
579 1682
580 660
580 1484
581 1549
582 1586
583 627
583 855
584 632
584 799
585 1657
586 1567
587 1463
589 1568
590 1018
590 1117
591 1573
592 1402
592 1781
592 1871
593 844
593 1317
593 1419
594 729
594 901
594 1791
595 1300
595 1518
595 1735
595 1834
596 1495
597 1571
598 1161
598 1463
598 1507
599 1575
600 1582
601 1323
602 1707
603 630
603 1871
604 1607
606 865
607 1436
608 1644
609 681
609 714
609 741
609 1396
610 1100
611 828
611 1163
611 1201
612 620
612 926
612 1098
613 674
613 1240
614 1879
615 682
616 1463
617 836
617 1146
617 1708
618 1448
618 1718
618 1759
619 1119
620 1462
621 1317
622 678
622 1327
622 1472
624 1802
625 1618
627 1446
627 1492
628 1626
629 1633
630 1125
631 1458
632 639
632 851
632 1290
632 1523
633 1622
634 717
634 1099
634 1180
635 814
636 1639
637 1612
637 1648
637 1852
638 1640
639 689
639 1830
641 902
641 1197
641 1812
642 963
642 1448
644 1241
644 1589
644 1592
644 1689
645 758
645 1335
646 1286
647 690
647 1514
648 955
648 1483
649 1399
649 1763
650 1265
651 779
652 1239
652 1265
653 1324
654 1807
655 1000
656 871
656 934
656 1673
657 1033
658 1165
658 1795
659 1284
660 1282
661 1647
662 726
663 1652
664 820
665 711
665 1759
665 1873
666 1654
667 1447
667 1552
668 907
668 1561
669 1187
669 1190
670 1790
671 1120
671 1202
671 1244
672 1530
672 1659
673 857
673 1099
673 1585
673 1419
673 1524
673 1812
674 1027
675 789
675 877
676 842
676 1870
678 1453
678 1721
679 1070
679 1403
680 1002
680 1297
681 840
681 875
681 1069
682 985
683 1881
684 1533
684 1679
685 1039
686 1509
689 1306
690 941
690 1727
691 808
692 902
692 1044
693 1574
693 1704
694 732
695 1660
696 1202
697 1451
698 1312
698 1623
699 1479
700 1434
701 862
701 947
705 1138
705 1849
706 763
706 1609
707 1309
707 1796
708 1662
710 745
710 1085
711 881
713 798
713 1553
714 1080
714 1552
715 1484
716 1191
716 1398
716 1401
716 1443
716 1784
718 1674
719 734
719 1270
720 1040
721 748
721 842
722 816
722 1194
723 1849
724 934
724 1786
725 887
726 1541
728 1064
728 1557
728 1781
729 888
730 964
731 886
731 1303
732 838
733 1789
734 1197
734 1560
736 806
737 1681
738 1107
738 1865
739 1065
739 1447
739 1466
740 1655
741 1838
742 1269
743 1659
745 1037
745 1044
745 1809
746 1419
747 1428
748 1090
749 1700
750 1701
751 1705
752 1745
754 1352
755 821
756 1859
758 1439
758 1732
759 1643
759 1731
760 1215
761 1331
762 1615
763 824
763 1496
764 938
764 1089
765 868
765 1104
766 1127
766 1670
767 810
767 1552
768 978
768 1460
769 855
770 1140
770 1263
771 1714
772 1736
773 1627
774 845
774 1724
774 1746
775 867
775 1556
776 1243
777 1667
778 1873
779 1259
780 1740
781 1433
781 1579
781 1798
782 1263
783 1688
784 1431
786 937
786 1050
786 1597
787 1742
788 1590
790 1359
791 1812
792 971
793 901
794 1619
794 1848
795 1177
795 1671
796 1080
796 1284
799 1010
800 911
800 1758
801 1744
802 1621
803 1748
804 840
806 1677
807 1754
808 1135
808 1673
809 1232
811 1755
812 1756
813 1504
813 1623
813 1871
815 878
815 1216
817 1757
818 1760
819 1314
822 1630
823 905
824 1283
824 1305
824 1685
825 1761
827 1121
829 1767
830 1768
833 899
834 1775
835 960
835 1292
836 1097
839 1634
840 1120
841 1481
841 1506
843 1231
843 1405
843 1471
843 1696
845 1270
846 915
846 1005
847 1438
847 1616
848 1025
848 1026
850 1417
850 1690
851 1746
852 1557
853 1187
854 912
854 1129
856 1105
856 1609
857 1743
857 1099
857 1585
857 1419
857 1524
857 1812
858 1787
859 1319
860 1797
861 1257
861 1712
862 1851
864 1169
864 1358
864 1713
866 1692
869 1464
870 1516
870 1763
871 1118
871 1369
872 956
872 1147
872 1356
872 1454
873 1314
873 1460
873 1798
875 1144
876 1459
876 1599
879 1605
880 1588
881 1320
881 1389
882 909
882 1721
883 948
883 1460
884 1800
885 1482
885 1699
886 1173
886 1550
887 1033
888 1678
890 1801
893 1219
893 1816
894 1806
898 1246
898 1314
900 1141
900 1258
900 1762
900 1839
901 1474
901 1538
901 1576
903 1473
903 1878
904 1813
905 1293
906 1823
907 1725
908 1796
910 1472
910 1747
911 1142
912 1031
914 1609
916 1154
916 1239
917 971
917 1118
917 1175
917 1716
917 1776
918 1283
920 1066
921 1549
923 1826
924 1833
925 1861
926 1164
926 1291
926 1837
927 933
928 1258
928 1518
929 1602
929 1773
931 1590
932 1128
932 1150
933 1328
933 1636
933 1680
935 1863
936 1864
937 1695
937 1726
938 1141
938 1873
939 1035
939 1537
940 1389
940 1529
941 1005
941 1809
942 1590
942 1818
943 1866
944 989
944 1810
945 1331
945 1528
946 989
946 1139
946 1348
946 1587
950 1872
951 1394
952 1874
953 1235
956 1025
957 1557
957 1622
957 1672
958 1877
960 965
961 962
961 1175
962 1213
962 1563
962 1778
963 1777
964 1346
965 1616
967 1059
967 1521
968 1242
972 1502
976 1080
977 1385
977 1403
977 1502
978 1780
980 1862
983 1675
985 1219
985 1580
986 1172
986 1470
987 1475
988 1325
991 1170
991 1225
991 1792
994 1001
994 1340
995 1047
995 1175
995 1299
995 1309
998 1617
999 1065
999 1723
999 1869
1000 1423
1000 1587
1002 1400
1003 1507
1006 1281
1006 1455
1010 1329
1011 1322
1011 1669
1012 1169
1012 1838
1012 1881
1014 1034
1014 1219
1014 1650
1015 1181
1015 1306
1015 1468
1015 1708
1017 1278
1018 1265
1018 1750
1018 1843
1019 1436
1019 1794
1020 1590
1021 1655
1022 1023
1022 1541
1024 1032
1024 1752
1025 1251
1025 1287
1025 1620
1025 1644
1027 1699
1028 1641
1028 1765
1028 1811
1030 1853
1031 1345
1032 1774
1033 1782
1033 1876
1034 1830
1035 1273
1035 1831
1039 1564
1040 1832
1041 1124
1041 1659
1043 1239
1043 1788
1044 1392
1044 1840
1045 1131
1046 1444
1047 1356
1048 1165
1048 1605
1048 1726
1049 1219
1051 1274
1056 1372
1057 1614
1060 1653
1060 1854
1061 1173
1062 1529
1063 1436
1065 1116
1066 1107
1066 1709
1067 1637
1069 1253
1071 1159
1071 1723
1072 1643
1072 1811
1077 1165
1079 1172
1081 1343
1081 1671
1082 1512
1086 1101
1086 1819
1090 1450
1095 1676
1096 1835
1099 1585
1099 1419
1099 1524
1099 1812
1103 1540
1103 1881
1104 1160
1106 1777
1109 1552
1111 1371
1113 1133
1113 1824
1116 1312
1117 1289
1117 1628
1119 1588
1121 1537
1121 1653
1123 1295
1124 1180
1124 1602
1127 1589
1127 1764
1132 1314
1132 1383
1134 1862
1141 1650
1141 1828
1142 1747
1143 1300
1143 1878
1144 1296
1148 1378
1149 1559
1150 1838
1151 1418
1151 1759
1152 1546
1155 1209
1155 1783
1160 1613
1160 1642
1161 1544
1163 1360
1163 1506
1168 1236
1169 1649
1170 1312
1171 1223
1171 1315
1175 1337
1176 1703
1178 1693
1180 1488
1182 1493
1184 1234
1184 1318
1184 1708
1186 1642
1189 1464
1189 1693
1190 1796
1191 1239
1191 1759
1192 1680
1193 1354
1194 1675
1198 1445
1200 1715
1200 1723
1203 1213
1206 1729
1208 1542
1211 1621
1214 1612
1216 1364
1217 1282
1220 1385
1221 1324
1227 1260
1228 1666
1232 1879
1236 1494
1239 1242
1240 1630
1243 1589
1244 1670
1245 1316
1247 1292
1249 1271
1250 1587
1251 1365
1251 1381
1254 1552
1255 1359
1256 1440
1256 1773
1262 1562
1263 1589
1266 1296
1266 1307
1266 1579
1271 1809
1273 1865
1277 1341
1277 1526
1278 1829
1280 1610
1282 1613
1285 1424
1286 1519
1290 1294
1291 1668
1293 1351
1293 1782
1297 1603
1297 1738
1297 1873
1300 1506
1300 1549
1305 1429
1311 1469
1311 1511
1312 1339
1314 1822
1320 1456
1320 1517
1327 1682
1330 1627
1330 1650
1331 1366
1331 1650
1332 1718
1332 1821
1333 1521
1335 1785
1338 1651
1340 1763
1341 1873
1342 1825
1344 1453
1344 1591
1346 1600
1349 1855
1352 1557
1353 1407
1354 1506
1357 1608
1358 1584
1359 1622
1360 1517
1360 1733
1361 1423
1362 1616
1364 1498
1366 1667
1369 1783
1374 1710
1374 1871
1375 1707
1377 1819
1380 1489
1381 1848
1385 1791
1388 1772
1392 1461
1395 1460
1395 1778
1396 1512
1397 1687
1398 1687
1400 1685
1406 1511
1407 1458
1408 1503
1411 1724
1412 1670
1412 1727
1413 1769
1415 1855
1416 1644
1416 1691
1419 1637
1419 1782
1419 1585
1419 1524
1419 1812
1421 1482
1422 1447
1426 1518
1428 1733
1436 1741
1437 1824
1438 1690
1445 1538
1448 1515
1450 1670
1453 1462
1454 1517
1455 1523
1455 1624
1457 1758
1458 1520
1465 1807
1466 1782
1468 1680
1469 1586
1470 1868
1471 1842
1474 1621
1477 1628
1478 1750
1479 1771
1481 1616
1481 1857
1484 1590
1486 1840
1488 1638
1488 1672
1489 1737
1489 1837
1490 1770
1494 1784
1505 1731
1505 1765
1505 1843
1506 1538
1506 1631
1507 1728
1524 1585
1524 1812
1525 1706
1530 1691
1537 1876
1538 1803
1538 1827
1539 1702
1544 1824
1548 1792
1549 1593
1550 1852
1553 1565
1554 1878
1555 1561
1562 1726
1572 1712
1578 1579
1585 1812
1586 1875
1590 1715
1592 1690
1596 1845
1601 1815
1603 1718
1604 1717
1608 1691
1610 1665
1610 1796
1611 1822
1613 1642
1615 1725
1619 1814
1623 1638
1629 1702
1638 1720
1642 1849
1645 1793
1648 1841
1650 1751
1650 1831
1650 1847
1653 1815
1657 1807
1664 1851
1666 1799
1682 1713
1685 1849
1686 1729
1691 1713
1692 1840
1693 1706
1694 1860
1709 1763
1709 1803
1713 1720
1715 1854
1719 1876
1743 1845
1749 1799
1753 1776
1790 1819
1790 1870
1795 1802
1795 1820
1808 1880
1814 1825
1817 1818
1818 1851
1820 1856
1821 1867
